运算数1,运算数2,运算符,结果
33,8,+,41
5,40,+,45
27,4,+,31
32,18,+,50
11,37,+,48
71,28,+,99
57,16,+,73
48,21,+,69
2,21,+,23
0,14,+,14
1,88,+,89
27,1,+,28
11,30,+,41
15,7,+,22
35,34,+,69
31,44,+,75
23,63,+,86
31,16,+,47
10,38,+,48
8,85,+,93
36,27,+,63
25,67,+,92
1,57,+,58
6,82,+,88
4,92,+,96
10,88,+,98
32,35,+,67
24,29,+,53
79,13,+,92
25,29,+,54
64,33,+,97
15,0,+,15
10,47,+,57
7,31,+,38
57,19,+,76
29,63,+,92
32,54,+,86
35,45,+,80
22,78,+,100
34,65,+,99
61,8,+,69
0,63,+,63
65,30,+,95
0,24,+,24
57,42,+,99
25,68,+,93
95,1,+,96
25,15,+,40
48,37,+,85
96,3,+,99
