运算数1,运算数2,运算符,结果
56,6,+,62
24,32,+,56
72,2,+,74
16,8,+,24
5,21,+,26
20,78,+,98
20,28,+,48
66,19,+,85
2,18,+,20
27,43,+,70
43,35,+,78
74,13,+,87
25,71,+,96
25,39,+,64
29,68,+,97
1,28,+,29
19,38,+,57
26,9,+,35
6,16,+,22
9,38,+,47
54,41,+,95
49,36,+,85
72,11,+,83
48,13,+,61
36,30,+,66
8,60,+,68
31,51,+,82
34,57,+,91
5,52,+,57
46,36,+,82
9,11,+,20
27,62,+,89
14,21,+,35
75,13,+,88
4,62,+,66
46,29,+,75
57,42,+,99
21,36,+,57
62,7,+,69
12,17,+,29
6,3,+,9
58,3,+,61
28,45,+,73
45,25,+,70
17,70,+,87
69,30,+,99
5,35,+,40
10,80,+,90
23,16,+,39
26,19,+,45
