运算数1,运算数2,运算符,结果
63,2,+,65
41,56,+,97
2,62,+,64
41,10,+,51
64,18,+,82
47,33,+,80
5,17,+,22
3,44,+,47
37,34,+,71
1,55,+,56
4,61,+,65
58,39,+,97
1,49,+,50
68,28,+,96
33,8,+,41
17,29,+,46
4,60,+,64
52,16,+,68
15,58,+,73
68,14,+,82
3,75,+,78
55,21,+,76
52,30,+,82
21,14,+,35
1,90,+,91
59,14,+,73
29,20,+,49
42,17,+,59
70,14,+,84
20,21,+,41
58,15,+,73
30,25,+,55
2,53,+,55
27,7,+,34
15,4,+,19
79,15,+,94
38,31,+,69
39,32,+,71
7,35,+,42
19,56,+,75
68,16,+,84
48,48,+,96
12,72,+,84
15,54,+,69
8,89,+,97
65,2,+,67
0,2,+,2
40,26,+,66
21,67,+,88
52,9,+,61
