运算数1,运算数2,运算符,结果
24,10,+,34
57,31,+,88
50,10,+,60
60,27,+,87
7,16,+,23
5,59,+,64
53,7,+,60
35,26,+,61
28,0,+,28
2,40,+,42
66,29,+,95
35,20,+,55
13,10,+,23
22,48,+,70
57,12,+,69
56,11,+,67
7,27,+,34
34,38,+,72
7,39,+,46
68,20,+,88
32,9,+,41
13,86,+,99
7,54,+,61
38,49,+,87
18,10,+,28
7,61,+,68
25,23,+,48
20,5,+,25
67,1,+,68
1,84,+,85
92,7,+,99
34,21,+,55
13,48,+,61
56,44,+,100
30,14,+,44
30,39,+,69
28,3,+,31
44,9,+,53
9,30,+,39
5,47,+,52
77,17,+,94
46,1,+,47
39,52,+,91
63,6,+,69
54,37,+,91
50,50,+,100
84,1,+,85
66,0,+,66
72,11,+,83
20,15,+,35
