运算数1,运算数2,运算符,结果
66,6,+,72
8,9,+,17
6,13,+,19
81,15,+,96
33,23,+,56
46,7,+,53
2,91,+,93
18,51,+,69
83,10,+,93
1,50,+,51
20,17,+,37
97,3,+,100
7,6,+,13
74,8,+,82
11,66,+,77
38,39,+,77
48,13,+,61
3,59,+,62
90,1,+,91
5,27,+,32
92,5,+,97
65,30,+,95
10,11,+,21
24,54,+,78
2,37,+,39
6,54,+,60
33,25,+,58
47,16,+,63
7,8,+,15
29,33,+,62
57,4,+,61
6,9,+,15
28,69,+,97
42,54,+,96
24,35,+,59
85,5,+,90
14,52,+,66
15,18,+,33
14,64,+,78
2,68,+,70
84,0,+,84
37,23,+,60
79,11,+,90
18,68,+,86
18,19,+,37
35,29,+,64
72,28,+,100
43,23,+,66
18,52,+,70
0,86,+,86
