运算数1,运算数2,运算符,结果
44,3,+,47
10,83,+,93
33,14,+,47
4,83,+,87
6,40,+,46
24,15,+,39
0,74,+,74
3,50,+,53
41,32,+,73
24,1,+,25
34,65,+,99
17,66,+,83
8,12,+,20
28,59,+,87
17,65,+,82
18,80,+,98
39,36,+,75
58,20,+,78
8,52,+,60
64,9,+,73
47,34,+,81
43,8,+,51
38,7,+,45
33,43,+,76
98,2,+,100
35,8,+,43
41,43,+,84
46,20,+,66
80,16,+,96
22,12,+,34
14,1,+,15
2,61,+,63
19,8,+,27
37,52,+,89
32,16,+,48
52,29,+,81
7,79,+,86
5,42,+,47
16,38,+,54
45,35,+,80
20,19,+,39
25,51,+,76
57,12,+,69
21,37,+,58
78,4,+,82
37,14,+,51
43,49,+,92
37,30,+,67
21,15,+,36
28,44,+,72
