运算数1,运算数2,运算符,结果
4,62,+,66
82,5,+,87
30,1,+,31
69,0,+,69
79,12,+,91
5,14,+,19
45,11,+,56
6,44,+,50
28,16,+,44
50,42,+,92
37,20,+,57
83,0,+,83
40,56,+,96
17,17,+,34
12,46,+,58
69,7,+,76
66,3,+,69
41,25,+,66
42,51,+,93
65,1,+,66
26,17,+,43
21,25,+,46
15,24,+,39
27,54,+,81
57,31,+,88
62,15,+,77
89,6,+,95
5,86,+,91
61,6,+,67
28,72,+,100
18,46,+,64
15,3,+,18
37,24,+,61
88,6,+,94
71,9,+,80
7,70,+,77
5,29,+,34
57,11,+,68
61,26,+,87
36,43,+,79
82,13,+,95
20,43,+,63
44,8,+,52
94,4,+,98
39,51,+,90
11,64,+,75
37,3,+,40
14,71,+,85
41,2,+,43
48,46,+,94
