运算数1,运算数2,运算符,结果
50,37,-,13
42,14,-,28
76,50,-,26
9,59,+,68
38,56,+,94
32,24,+,56
22,45,+,67
85,34,-,51
23,8,-,15
93,85,-,8
44,41,-,3
71,32,-,39
29,26,+,55
36,33,+,69
55,50,-,5
49,10,-,39
55,34,-,21
22,75,+,97
9,48,+,57
20,14,-,6
73,59,-,14
28,25,-,3
48,36,+,84
7,16,+,23
37,20,+,57
49,24,+,73
35,27,-,8
56,48,-,8
31,67,+,98
80,43,-,37
2,40,+,42
0,57,+,57
20,67,+,87
40,54,+,94
71,28,+,99
51,27,+,78
39,61,+,100
71,21,+,92
13,1,-,12
66,44,-,22
77,39,-,38
63,0,+,63
18,70,+,88
72,14,+,86
62,33,-,29
17,73,+,90
24,63,+,87
41,22,+,63
7,67,+,74
83,14,-,69
