运算数1,运算数2,运算符,结果
14,18,+,32
57,7,-,50
45,39,+,84
73,0,+,73
25,37,+,62
56,20,-,36
68,0,+,68
14,17,+,31
48,36,-,12
95,74,-,21
67,16,+,83
70,6,-,64
70,54,-,16
48,23,+,71
62,44,-,18
95,27,-,68
43,54,+,97
83,44,-,39
8,72,+,80
88,3,-,85
47,9,-,38
56,51,-,5
71,1,+,72
65,34,-,31
97,38,-,59
10,66,+,76
11,0,-,11
93,35,-,58
91,20,-,71
63,52,-,11
14,43,+,57
27,41,+,68
34,26,+,60
4,46,+,50
25,5,-,20
4,82,+,86
72,8,-,64
9,2,-,7
14,69,+,83
98,87,-,11
57,16,+,73
68,14,+,82
94,38,-,56
26,58,+,84
9,70,+,79
10,72,+,82
20,45,+,65
20,29,+,49
6,91,+,97
30,12,+,42
