运算数1,运算数2,运算符,结果
5,26,+,31
86,28,-,58
76,45,-,31
92,6,-,86
62,29,-,33
99,65,-,34
83,36,-,47
51,41,-,10
30,18,+,48
64,2,-,62
49,49,+,98
61,20,+,81
41,33,+,74
40,2,+,42
55,13,-,42
9,46,+,55
84,24,-,60
67,50,-,17
99,80,-,19
7,4,-,3
79,70,-,9
13,79,+,92
4,89,+,93
19,10,+,29
80,60,-,20
30,1,+,31
86,84,-,2
23,11,+,34
93,45,-,48
69,15,-,54
88,10,+,98
15,63,+,78
77,46,-,31
71,44,-,27
58,28,-,30
48,45,+,93
69,10,-,59
93,5,+,98
69,3,-,66
79,8,+,87
74,40,-,34
16,66,+,82
51,5,-,46
57,45,-,12
13,41,+,54
98,61,-,37
16,22,+,38
82,1,-,81
94,6,+,100
79,2,-,77
