运算数1,运算数2,运算符,结果
23,7,-,16
70,54,-,16
32,59,+,91
59,2,-,57
74,14,+,88
99,63,-,36
59,5,+,64
32,31,+,63
13,33,+,46
85,1,-,84
59,33,+,92
33,17,+,50
64,30,-,34
14,48,+,62
45,4,-,41
32,18,+,50
54,35,+,89
54,5,-,49
63,31,+,94
38,3,+,41
68,17,-,51
17,2,-,15
64,4,-,60
53,26,+,79
34,28,+,62
86,43,-,43
43,6,-,37
61,5,-,56
64,18,-,46
81,51,-,30
66,18,+,84
91,25,-,66
74,56,-,18
47,11,+,58
65,56,-,9
79,69,-,10
99,34,-,65
9,79,+,88
52,7,+,59
72,1,+,73
39,11,-,28
88,11,-,77
56,30,+,86
75,6,-,69
20,1,-,19
27,40,+,67
46,36,-,10
59,0,-,59
96,68,-,28
62,29,-,33
