序号,正确答案,结果,批改结果
1,66,66,答案正确
2,87,87,答案正确
3,31,31,答案正确
4,69,1,答案错误
5,91,1,答案错误
6,19,1,答案错误
7,56,1,答案错误
8,50,1,答案错误
9,44,,答案错误
10,92,92,答案正确
11,57,57,答案正确
12,83,83,答案正确
13,96,1,答案错误
14,34,1,答案错误
15,58,1,答案错误
16,76,,答案错误
17,69,1,答案错误
18,66,1,答案错误
19,93,1,答案错误
20,66,1,答案错误
21,43,1,答案错误
22,46,1,答案错误
23,39,11,答案错误
24,81,,答案错误
25,88,11,答案错误
26,77,1,答案错误
27,95,1,答案错误
28,91,1,答案错误
29,67,1,答案错误
30,100,1,答案错误
31,64,11,答案错误
32,18,1,答案错误
33,61,,答案错误
34,94,1,答案错误
35,80,1,答案错误
36,77,1,答案错误
37,34,11,答案错误
38,68,,答案错误
39,87,11,答案错误
40,79,1,答案错误
41,95,1,答案错误
42,63,1,答案错误
43,52,1,答案错误
44,98,1,答案错误
45,90,1,答案错误
46,75,111,答案错误
47,40,1,答案错误
48,85,1111,答案错误
49,43,1,答案错误
50,94,1,答案错误
51,5,1,答案错误
52,39,1,答案错误
53,38,1,答案错误
54,44,1,答案错误
55,44,1,答案错误
56,16,1,答案错误
57,30,1,答案错误
58,20,1,答案错误
59,40,1,答案错误
60,30,1,答案错误
61,28,1,答案错误
62,30,1,答案错误
63,39,1,答案错误
64,56,1,答案错误
65,41,1,答案错误
66,49,1,答案错误
67,42,11,答案错误
68,13,1,答案错误
69,14,1,答案错误
70,31,1,答案错误
71,17,1,答案错误
72,27,1,答案错误
73,25,1,答案错误
74,9,1,答案错误
75,41,,答案错误
76,23,1,答案错误
77,95,,答案错误
78,9,1,答案错误
79,56,1,答案错误
80,30,1,答案错误
81,81,,答案错误
82,81,11,答案错误
83,5,1,答案错误
84,15,,答案错误
85,37,1,答案错误
86,5,2,答案错误
87,63,2,答案错误
88,21,2,答案错误
89,54,22,答案错误
90,33,,答案错误
91,62,,答案错误
92,92,3,答案错误
93,60,3,答案错误
94,18,3,答案错误
95,11,3,答案错误
96,53,3,答案错误
97,72,33,答案错误
98,46,3,答案错误
99,44,3,答案错误
100,5,3,答案错误
101,32,,答案错误
102,50,3,答案错误
103,84,3,答案错误
104,73,0,答案错误
105,62,,答案错误
106,36,0,答案错误
107,68,,答案错误
108,31,00,答案错误
109,12,0,答案错误
110,21,0,答案错误
111,83,0,答案错误
112,64,0,答案错误
113,16,0,答案错误
114,71,00,答案错误
115,18,0,答案错误
116,68,0,答案错误
117,97,0,答案错误
118,39,00,答案错误
119,80,00,答案错误
120,85,0,答案错误
121,38,00,答案错误
122,5,00,答案错误
123,72,0,答案错误
124,31,00,答案错误
125,59,0,答案错误
126,76,,答案错误
127,11,00,答案错误
128,58,0,答案错误
129,71,,答案错误
130,11,0,答案错误
131,57,00,答案错误
132,68,,答案错误
133,60,0,答案错误
134,50,0,答案错误
135,20,0,答案错误
136,86,0,答案错误
137,64,0,答案错误
138,7,0,答案错误
139,83,0,答案错误
140,11,00,答案错误
141,73,0,答案错误
142,82,,答案错误
143,56,000,答案错误
144,84,0,答案错误
145,79,0,答案错误
146,82,0,答案错误
147,65,00,答案错误
148,49,,答案错误
149,97,000,答案错误
150,42,0,答案错误
