运算数1,运算数2,运算符,结果
7,14,+,21
4,33,+,37
39,55,+,94
1,57,+,58
37,45,+,82
15,26,+,41
24,54,+,78
14,0,+,14
53,14,+,67
24,0,+,24
82,11,+,93
28,44,+,72
2,24,+,26
70,14,+,84
5,70,+,75
6,11,+,17
55,44,+,99
50,46,+,96
33,14,+,47
27,29,+,56
13,28,+,41
6,51,+,57
25,22,+,47
3,56,+,59
50,8,+,58
32,6,+,38
17,13,+,30
17,81,+,98
32,24,+,56
14,59,+,73
21,26,+,47
42,37,+,79
85,4,+,89
70,28,+,98
89,7,+,96
74,21,+,95
94,4,+,98
26,27,+,53
22,19,+,41
6,2,+,8
17,67,+,84
42,33,+,75
25,13,+,38
85,9,+,94
18,75,+,93
65,24,+,89
22,64,+,86
9,32,+,41
79,4,+,83
32,53,+,85
