运算数1,运算数2,运算符,结果
15,78,+,93
73,2,+,75
6,51,+,57
40,9,+,49
32,37,+,69
69,17,+,86
57,0,+,57
57,17,+,74
42,8,+,50
80,6,+,86
24,69,+,93
1,12,+,13
12,59,+,71
52,35,+,87
40,26,+,66
5,87,+,92
23,51,+,74
4,9,+,13
6,78,+,84
34,54,+,88
17,73,+,90
3,52,+,55
77,17,+,94
54,9,+,63
66,9,+,75
26,14,+,40
49,24,+,73
26,58,+,84
80,1,+,81
91,2,+,93
15,40,+,55
18,35,+,53
3,80,+,83
18,75,+,93
3,75,+,78
8,47,+,55
23,3,+,26
64,27,+,91
33,32,+,65
46,7,+,53
27,0,+,27
68,8,+,76
48,11,+,59
5,32,+,37
22,74,+,96
16,36,+,52
35,30,+,65
25,58,+,83
43,55,+,98
49,49,+,98
