运算数1,运算数2,运算符,结果
12,71,+,83
42,32,+,74
31,17,+,48
5,39,+,44
43,42,+,85
9,71,+,80
68,30,+,98
32,42,+,74
42,48,+,90
20,5,+,25
26,4,+,30
29,42,+,71
3,78,+,81
66,31,+,97
2,34,+,36
25,56,+,81
49,20,+,69
19,15,+,34
80,12,+,92
18,22,+,40
78,18,+,96
2,72,+,74
12,27,+,39
6,90,+,96
21,63,+,84
8,36,+,44
22,27,+,49
6,17,+,23
50,31,+,81
34,4,+,38
39,55,+,94
1,79,+,80
26,18,+,44
20,36,+,56
52,43,+,95
29,48,+,77
22,44,+,66
85,12,+,97
63,36,+,99
36,63,+,99
2,71,+,73
50,3,+,53
1,94,+,95
61,33,+,94
45,1,+,46
5,62,+,67
4,86,+,90
58,37,+,95
54,14,+,68
27,22,+,49
