运算数1,运算数2,运算符,结果
53,23,+,76
86,13,-,73
9,67,+,76
21,18,+,39
41,55,+,96
32,11,-,21
1,56,+,57
78,5,-,73
80,70,-,10
14,68,+,82
90,1,-,89
94,3,+,97
83,66,-,17
59,25,+,84
12,13,+,25
66,15,+,81
46,22,-,24
60,10,+,70
58,10,-,48
18,82,+,100
42,19,+,61
19,41,+,60
50,26,-,24
85,33,-,52
28,9,-,19
67,59,-,8
60,30,+,90
37,46,+,83
17,33,+,50
39,23,+,62
45,18,+,63
57,19,+,76
8,81,+,89
57,3,+,60
92,92,-,0
36,30,+,66
25,7,-,18
34,23,-,11
90,71,-,19
76,68,-,8
38,59,+,97
56,26,-,30
53,25,-,28
21,47,+,68
64,22,-,42
27,4,-,23
27,37,+,64
66,50,-,16
10,21,+,31
67,16,+,83
