运算数1,运算数2,运算符,结果
70,26,+,96
59,21,-,38
92,75,-,17
55,41,+,96
52,38,-,14
88,13,-,75
98,76,-,22
20,12,-,8
3,10,+,13
49,16,-,33
78,61,-,17
41,29,-,12
18,53,+,71
16,61,+,77
2,97,+,99
96,44,-,52
63,61,-,2
55,1,+,56
2,6,+,8
66,34,-,32
67,51,-,16
76,43,-,33
24,13,+,37
61,7,+,68
17,33,+,50
93,61,-,32
81,15,-,66
41,30,+,71
80,76,-,4
41,34,-,7
80,54,-,26
74,42,-,32
42,9,-,33
80,66,-,14
96,11,-,85
77,54,-,23
82,14,-,68
34,14,+,48
10,87,+,97
62,34,-,28
85,29,-,56
96,95,-,1
83,73,-,10
60,5,-,55
93,71,-,22
7,44,+,51
32,24,+,56
26,30,+,56
96,1,-,95
29,29,-,0
