运算数1,运算数2,运算符,结果
84,78,-,6
44,47,+,91
5,1,-,4
96,94,-,2
80,61,-,19
63,3,+,66
46,41,+,87
17,73,+,90
3,3,+,6
92,76,-,16
89,89,-,0
61,14,-,47
17,14,-,3
59,30,-,29
3,11,+,14
69,61,-,8
56,0,-,56
93,45,-,48
35,9,-,26
72,12,+,84
30,43,+,73
77,48,-,29
31,8,+,39
16,8,-,8
46,32,+,78
88,87,-,1
90,19,-,71
16,51,+,67
53,8,+,61
18,47,+,65
19,79,+,98
32,2,-,30
77,69,-,8
11,67,+,78
98,14,-,84
72,15,-,57
19,7,+,26
98,63,-,35
96,1,-,95
68,9,-,59
13,38,+,51
71,41,-,30
27,48,+,75
66,66,-,0
96,79,-,17
71,15,+,86
59,34,+,93
53,9,-,44
82,33,-,49
17,54,+,71
