运算数1,运算数2,运算符,结果
97,1,+,98
65,60,-,5
66,9,-,57
44,19,+,63
44,6,-,38
69,48,-,21
87,81,-,6
72,28,+,100
37,62,+,99
48,44,-,4
36,46,+,82
97,85,-,12
54,49,-,5
5,73,+,78
37,24,-,13
33,33,+,66
65,43,-,22
52,50,-,2
34,56,+,90
50,34,-,16
8,39,+,47
23,9,-,14
21,10,-,11
29,29,+,58
16,16,-,0
91,77,-,14
86,36,-,50
63,20,-,43
56,4,-,52
50,36,+,86
56,17,+,73
60,9,+,69
15,37,+,52
39,4,-,35
8,12,+,20
87,20,-,67
78,75,-,3
85,80,-,5
15,32,+,47
70,3,+,73
99,1,+,100
95,6,-,89
6,73,+,79
56,26,+,82
41,0,+,41
97,44,-,53
10,35,+,45
0,66,+,66
3,28,+,31
85,16,-,69
