运算数1,运算数2,运算符,结果
43,12,-,31
11,40,+,51
84,76,-,8
80,78,-,2
39,37,-,2
57,18,-,39
80,8,+,88
15,68,+,83
12,61,+,73
74,71,-,3
25,14,-,11
35,8,+,43
25,21,+,46
41,39,-,2
41,33,+,74
26,36,+,62
52,40,+,92
42,37,-,5
15,23,+,38
21,46,+,67
22,36,+,58
44,31,-,13
24,24,-,0
28,9,-,19
77,54,-,23
91,69,-,22
63,26,-,37
27,2,-,25
84,59,-,25
26,14,+,40
6,7,+,13
67,40,-,27
72,56,-,16
99,1,-,98
68,39,-,29
44,25,+,69
88,1,-,87
63,40,-,23
77,27,-,50
74,52,-,22
61,24,-,37
48,37,-,11
80,9,-,71
52,47,-,5
97,85,-,12
42,0,+,42
81,80,-,1
42,11,+,53
22,70,+,92
35,10,-,25
