运算数1,运算数2,运算符,结果
54,30,+,84
66,46,-,20
47,19,-,28
18,15,+,33
23,76,+,99
13,60,+,73
0,72,+,72
70,62,-,8
59,2,+,61
91,0,-,91
89,30,-,59
87,16,-,71
84,78,-,6
61,23,-,38
66,28,+,94
52,48,-,4
6,53,+,59
32,29,-,3
66,50,-,16
77,20,+,97
22,60,+,82
33,18,+,51
83,33,-,50
0,21,+,21
89,85,-,4
71,30,-,41
65,16,+,81
12,33,+,45
91,62,-,29
61,1,+,62
95,20,-,75
28,9,+,37
97,54,-,43
43,9,-,34
99,96,-,3
54,23,-,31
54,12,-,42
87,37,-,50
46,50,+,96
9,83,+,92
83,81,-,2
51,17,+,68
95,81,-,14
98,66,-,32
83,51,-,32
92,29,-,63
27,66,+,93
5,86,+,91
36,8,+,44
40,41,+,81
