运算数1,运算数2,运算符,结果
84,16,-,68
41,11,-,30
47,45,-,2
61,25,-,36
74,44,-,30
86,38,-,48
73,16,-,57
77,60,-,17
31,23,-,8
85,25,-,60
88,1,-,87
63,22,-,41
22,9,-,13
55,21,-,34
29,26,-,3
81,32,-,49
63,20,-,43
25,16,-,9
48,21,-,27
86,30,-,56
54,7,-,47
54,24,-,30
47,20,-,27
97,91,-,6
55,10,-,45
32,16,-,16
75,12,-,63
87,49,-,38
78,7,-,71
73,19,-,54
49,23,-,26
12,0,-,12
72,38,-,34
76,11,-,65
98,71,-,27
33,1,-,32
94,23,-,71
73,12,-,61
70,19,-,51
87,15,-,72
77,75,-,2
52,19,-,33
89,31,-,58
45,44,-,1
90,46,-,44
39,14,-,25
46,2,-,44
52,38,-,14
58,32,-,26
66,50,-,16
