运算数1,运算数2,运算符,结果
90,18,-,72
82,66,-,16
90,34,-,56
70,10,-,60
55,32,-,23
56,43,-,13
87,39,-,48
77,33,-,44
64,37,-,27
62,27,-,35
95,29,-,66
86,66,-,20
98,16,-,82
74,4,-,70
13,10,-,3
69,11,-,58
62,49,-,13
31,28,-,3
46,17,-,29
50,40,-,10
90,72,-,18
43,17,-,26
99,4,-,95
66,18,-,48
37,16,-,21
88,67,-,21
39,12,-,27
62,20,-,42
23,20,-,3
51,13,-,38
75,31,-,44
81,74,-,7
99,70,-,29
66,44,-,22
88,77,-,11
41,21,-,20
86,60,-,26
44,1,-,43
97,87,-,10
64,44,-,20
24,7,-,17
74,53,-,21
34,19,-,15
61,24,-,37
86,19,-,67
53,0,-,53
77,54,-,23
56,55,-,1
43,4,-,39
94,54,-,40
