运算数1,运算数2,运算符,结果
37,28,-,9
40,1,-,39
39,3,-,36
37,13,-,24
99,49,-,50
93,11,-,82
51,49,-,2
36,8,-,28
18,1,-,17
94,72,-,22
87,3,-,84
90,73,-,17
94,25,-,69
40,39,-,1
28,25,-,3
98,21,-,77
20,20,-,0
75,44,-,31
67,7,-,60
94,64,-,30
83,66,-,17
58,46,-,12
29,24,-,5
54,33,-,21
54,35,-,19
81,66,-,15
64,56,-,8
44,8,-,36
16,13,-,3
95,61,-,34
70,16,-,54
85,47,-,38
15,1,-,14
76,62,-,14
64,26,-,38
60,6,-,54
51,46,-,5
92,62,-,30
49,37,-,12
81,69,-,12
42,34,-,8
18,7,-,11
54,22,-,32
92,36,-,56
85,84,-,1
58,32,-,26
69,5,-,64
63,35,-,28
35,23,-,12
79,63,-,16
