运算数1,运算数2,运算符,结果
91,76,-,15
75,46,-,29
37,23,-,14
69,28,-,41
85,72,-,13
37,8,-,29
78,62,-,16
65,49,-,16
92,27,-,65
92,48,-,44
65,43,-,22
52,49,-,3
95,5,-,90
39,16,-,23
98,2,-,96
27,18,-,9
65,65,-,0
88,77,-,11
60,28,-,32
31,18,-,13
85,60,-,25
84,66,-,18
57,55,-,2
98,47,-,51
77,53,-,24
37,2,-,35
15,5,-,10
83,23,-,60
78,40,-,38
52,15,-,37
99,13,-,86
82,72,-,10
25,13,-,12
85,52,-,33
13,2,-,11
93,14,-,79
24,4,-,20
98,35,-,63
73,61,-,12
67,6,-,61
51,14,-,37
75,70,-,5
67,4,-,63
75,14,-,61
90,72,-,18
17,12,-,5
91,0,-,91
89,76,-,13
81,16,-,65
76,43,-,33
