运算数1,运算数2,运算符,结果
85,65,-,20
80,59,-,21
78,11,-,67
79,6,-,73
62,45,-,17
42,19,-,23
51,49,-,2
55,53,-,2
70,6,-,64
40,29,-,11
61,7,-,54
32,21,-,11
24,8,-,16
93,32,-,61
67,56,-,11
66,26,-,40
92,77,-,15
50,33,-,17
18,15,-,3
82,24,-,58
86,11,-,75
97,37,-,60
44,13,-,31
76,5,-,71
62,6,-,56
79,53,-,26
80,69,-,11
73,26,-,47
69,55,-,14
27,6,-,21
59,59,-,0
70,45,-,25
86,84,-,2
73,7,-,66
25,13,-,12
99,26,-,73
23,19,-,4
82,15,-,67
87,82,-,5
50,36,-,14
56,5,-,51
29,20,-,9
69,23,-,46
76,73,-,3
45,25,-,20
58,21,-,37
33,3,-,30
83,45,-,38
75,11,-,64
58,50,-,8
