运算数1,运算数2,运算符,结果
90,64,-,26
92,32,-,60
52,30,-,22
90,87,-,3
88,48,-,40
97,93,-,4
97,40,-,57
63,35,-,28
69,59,-,10
94,43,-,51
94,93,-,1
34,21,-,13
61,0,-,61
52,7,-,45
38,37,-,1
67,5,-,62
62,11,-,51
87,3,-,84
29,19,-,10
78,6,-,72
71,12,-,59
42,21,-,21
60,11,-,49
26,6,-,20
96,24,-,72
97,65,-,32
98,18,-,80
61,24,-,37
69,0,-,69
65,23,-,42
37,17,-,20
88,70,-,18
84,68,-,16
23,16,-,7
63,10,-,53
40,1,-,39
72,67,-,5
68,11,-,57
25,5,-,20
16,10,-,6
21,15,-,6
80,34,-,46
65,2,-,63
44,4,-,40
69,50,-,19
93,65,-,28
32,14,-,18
95,61,-,34
58,5,-,53
50,45,-,5
