运算数1,运算数2,运算符,结果
70,18,-,52
35,4,-,31
74,70,-,4
31,7,-,24
22,21,-,1
84,10,-,74
91,85,-,6
88,44,-,44
79,35,-,44
30,21,-,9
84,78,-,6
82,57,-,25
30,25,-,5
46,41,-,5
88,9,-,79
80,47,-,33
50,42,-,8
88,63,-,25
65,51,-,14
90,53,-,37
98,70,-,28
99,69,-,30
38,0,-,38
27,23,-,4
93,32,-,61
73,28,-,45
82,78,-,4
70,0,-,70
63,10,-,53
27,21,-,6
27,24,-,3
92,69,-,23
41,14,-,27
60,57,-,3
93,9,-,84
79,53,-,26
21,14,-,7
95,10,-,85
94,82,-,12
79,60,-,19
92,28,-,64
65,63,-,2
99,63,-,36
56,52,-,4
46,37,-,9
53,36,-,17
67,44,-,23
43,11,-,32
79,5,-,74
44,23,-,21
