运算数1,运算数2,运算符,结果
69,64,-,5
61,22,-,39
73,35,-,38
73,29,-,44
90,46,-,44
64,48,-,16
76,46,-,30
76,56,-,20
61,21,-,40
48,18,-,30
95,67,-,28
53,23,-,30
42,3,-,39
78,22,-,56
80,39,-,41
99,50,-,49
85,43,-,42
96,83,-,13
79,65,-,14
46,15,-,31
52,35,-,17
34,7,-,27
29,4,-,25
38,29,-,9
79,38,-,41
41,18,-,23
95,0,-,95
40,31,-,9
77,21,-,56
87,57,-,30
98,17,-,81
89,8,-,81
85,80,-,5
59,44,-,15
39,2,-,37
11,6,-,5
85,22,-,63
69,48,-,21
81,27,-,54
67,34,-,33
75,13,-,62
97,5,-,92
95,35,-,60
74,56,-,18
53,42,-,11
72,19,-,53
92,20,-,72
49,3,-,46
99,55,-,44
29,24,-,5
