运算数1,运算数2,运算符,结果
49,37,-,12
77,77,-,0
49,48,-,1
73,60,-,13
83,20,-,63
98,59,-,39
89,17,-,72
15,14,-,1
85,11,-,74
98,49,-,49
58,41,-,17
53,7,-,46
90,27,-,63
82,4,-,78
68,48,-,20
85,26,-,59
86,29,-,57
66,1,-,65
24,23,-,1
59,36,-,23
78,50,-,28
99,89,-,10
52,22,-,30
43,20,-,23
93,87,-,6
83,4,-,79
82,1,-,81
51,2,-,49
94,19,-,75
93,76,-,17
95,54,-,41
79,27,-,52
78,55,-,23
19,3,-,16
67,27,-,40
50,7,-,43
66,39,-,27
57,15,-,42
46,14,-,32
9,5,-,4
51,12,-,39
43,32,-,11
35,27,-,8
71,52,-,19
27,3,-,24
73,28,-,45
66,40,-,26
97,66,-,31
68,65,-,3
92,63,-,29
