运算数1,运算数2,运算符,结果
57,37,-,20
20,6,-,14
47,35,-,12
93,2,-,91
99,80,-,19
93,48,-,45
95,4,-,91
88,52,-,36
68,3,-,65
66,57,-,9
96,3,-,93
69,48,-,21
94,88,-,6
75,24,-,51
84,31,-,53
79,33,-,46
47,31,-,16
44,37,-,7
83,46,-,37
13,9,-,4
74,54,-,20
89,7,-,82
62,47,-,15
69,65,-,4
79,36,-,43
98,38,-,60
99,79,-,20
45,24,-,21
63,23,-,40
99,83,-,16
65,53,-,12
98,19,-,79
60,43,-,17
66,26,-,40
92,7,-,85
83,4,-,79
75,6,-,69
17,9,-,8
53,14,-,39
39,21,-,18
85,67,-,18
99,4,-,95
12,6,-,6
45,7,-,38
44,8,-,36
91,16,-,75
47,23,-,24
46,2,-,44
92,59,-,33
56,39,-,17
